1.409971802607181601e+01 5.465927724498154561e+00
5.744415630195734934e+01 7.632710962378314434e+01
5.395324328616468712e+00 7.131681791465197762e+01
9.037879309288692298e+01 1.946375072498442904e+01
3.170250156363729843e+01 7.599795071977068517e+01
6.750114065182567913e+01 2.841546543340867093e+00
3.871293790602891249e+01 7.462311101537699720e+00
3.234745641181605436e+01 9.680360299757616360e+01
8.371375709241640095e+01 8.790934573476496894e+01
2.802118439765973790e+01 8.814400848539189326e+01
