2.730469989440513956e+01 3.297074470977767646e+01
2.442344551889765825e+01 1.615774571222041800e+01
5.226780453488946421e+01 2.275066942875215759e+01
5.045012353670802696e+01 8.003276876012755281e+00
1.274260555360812219e+01 2.795181003022491240e+01
9.709787371536214096e+01 7.632204996112746187e+01
7.701924739151596100e+01 2.055886636523803901e+01
8.082430272363451706e+01 2.048231030779592743e+01
7.954137872813216603e+00 8.052697222304016123e+01
9.655715009433828300e+01 4.911719935223024081e+00
4.254225607922359131e+01 3.398618434848390280e+01
3.188372079995056652e+01 1.537648639112525473e+01
2.826403141749702641e+01 4.968541437176352815e+01
1.611918849554157163e+01 4.145062815591492722e+01
4.920881347322035992e+01 2.548454312158721180e+01
9.838990015866266958e+01 8.099210447269511803e+01
5.374016907835999746e+01 1.644846463059093011e+01
4.252639770225248128e+01 4.519431402704472589e+01
8.011463296609688811e+00 1.733553985035761613e+01
4.182200636009648775e+01 5.038458963836911053e+00
7.845986623243433655e+01 6.338573417885604755e+01
9.321161248004199251e+01 6.141314274517301897e+01
2.218180407932884890e+01 8.953626629493317068e+01
7.389312385519470183e+01 5.512003170759387416e+01
5.455074225578005098e+01 1.675707473593943675e+01
